fileName,IntervalName,duration,start,end
Jia_Mandarin_Auckland_C1_conv.TextGrid,14,0.11513909964592806,13.262754172989379,13.377893272635307
Jia_Mandarin_Auckland_C1_conv.TextGrid,14,0.16254931714719234,13.377893272635307,13.540442589782499
Jia_Mandarin_Auckland_C1_conv.TextGrid,14,0.5553768335862443,13.540442589782499,14.095819423368743
Jia_Mandarin_Auckland_C1_conv.TextGrid,14,0.14223065250379285,14.095819423368743,14.238050075872536
Jia_Mandarin_Auckland_C1_conv.TextGrid,14,0.19641375821952423,14.238050075872536,14.43446383409206
Jia_Mandarin_Auckland_C1_conv.TextGrid,14,0.21261391813921904,14.655314761678689,14.867928679817908
Jia_Mandarin_Auckland_C1_conv.TextGrid,14,0.11248471615516564,14.867928679817908,14.980413395973073
Jia_Mandarin_Auckland_C1_conv.TextGrid,14,0.17874947706688715,14.980413395973073,15.15916287303996
Jia_Mandarin_Auckland_C1_conv.TextGrid,14,0.2573697521497227,15.15916287303996,15.416532625189683
Jia_Mandarin_Auckland_C1_conv.TextGrid,14,0.2031866464339913,15.416532625189683,15.619719271623675
Jia_Mandarin_Auckland_C1_conv.TextGrid,14,0.2776884167931204,15.619719271623675,15.897407688416795
Jia_Mandarin_Auckland_C1_conv.TextGrid,14,0.12868487607486045,16.185207110786628,16.31389198686149
Jia_Mandarin_Auckland_C1_conv.TextGrid,14,0.1456170966110264,16.31389198686149,16.459509083472515
Jia_Mandarin_Auckland_C1_conv.TextGrid,14,0.20657309054122308,16.459509083472515,16.666082174013738
Jia_Mandarin_Auckland_C1_conv.TextGrid,14,0.18964087000505714,16.666082174013738,16.855723044018795
Jia_Mandarin_Auckland_C1_conv.TextGrid,14,0.2505968639352574,16.855723044018795,17.106319907954052
Jia_Mandarin_Auckland_C1_conv.TextGrid,14,0.2370510875063232,17.106319907954052,17.343370995460376
Jia_Mandarin_Auckland_C1_conv.TextGrid,14,0.199800202326756,17.343370995460376,17.54317119778713
Jia_Mandarin_Auckland_C1_conv.TextGrid,14,0.17609509357612652,17.54317119778713,17.719266291363258
Jia_Mandarin_Auckland_C1_conv.TextGrid,14,0.16932220536165943,17.719266291363258,17.888588496724918
Jia_Mandarin_Auckland_C1_conv.TextGrid,14,0.17609509357612296,17.888588496724918,18.06468359030104
Jia_Mandarin_Auckland_C1_conv.TextGrid,14,0.2506451906802454,18.06468359030104,18.315328780981286
Jia_Mandarin_Auckland_C1_conv.TextGrid,14,0.15916287303996057,19.238798842245973,19.397961715285934
Jia_Mandarin_Auckland_C1_conv.TextGrid,14,0.24721041982802205,19.397961715285934,19.645172135113956
Jia_Mandarin_Auckland_C1_conv.TextGrid,14,0.15916287303996057,19.645172135113956,19.804335008153917
Jia_Mandarin_Auckland_C1_conv.TextGrid,14,0.18286798179059005,19.804335008153917,19.987202989944507
Jia_Mandarin_Auckland_C1_conv.TextGrid,14,0.18964087000505714,19.987202989944507,20.176843859949564
Jia_Mandarin_Auckland_C1_conv.TextGrid,14,0.17270864946889475,20.176843859949564,20.34955250941846
Jia_Mandarin_Auckland_C1_conv.TextGrid,14,0.23366464339908788,20.34955250941846,20.583217152817546
Jia_Mandarin_Auckland_C1_conv.TextGrid,14,0.3521901871522495,20.583217152817546,20.935407339969796
Jia_Mandarin_Auckland_C1_conv.TextGrid,15,0.30390631397695245,73.1185113472907,73.42241766126766
Jia_Mandarin_Auckland_C1_conv.TextGrid,15,0.257369752149728,73.42241766126766,73.67978741341739
Jia_Mandarin_Auckland_C1_conv.TextGrid,15,0.1625493171471959,73.67978741341739,73.84233673056458
Jia_Mandarin_Auckland_C1_conv.TextGrid,15,0.23027819929185966,73.84233673056458,74.07261492985644
Jia_Mandarin_Auckland_C1_conv.TextGrid,15,0.09482043500251791,74.79054108058988,74.8853615155924
Jia_Mandarin_Auckland_C1_conv.TextGrid,15,0.0541831057157367,74.8853615155924,74.93954462130813
Jia_Mandarin_Auckland_C1_conv.TextGrid,15,0.1625493171471959,74.93954462130813,75.10209393845533
Jia_Mandarin_Auckland_C1_conv.TextGrid,15,0.1625493171471959,75.10209393845533,75.26464325560252
Jia_Mandarin_Auckland_C1_conv.TextGrid,15,0.23027819929184545,75.26464325560252,75.49492145489437
Jia_Mandarin_Auckland_C1_conv.TextGrid,15,0.23027819929185966,75.49492145489437,75.72519965418623
Jia_Mandarin_Auckland_C1_conv.TextGrid,15,0.1828679817905936,75.72519965418623,75.90806763597682
Jia_Mandarin_Auckland_C1_conv.TextGrid,15,0.3335647445624659,75.90806763597682,76.24163238053929
Jia_Mandarin_Auckland_C1_conv.TextGrid,15,0.20995953464846195,76.24163238053929,76.45159191518775
Jia_Mandarin_Auckland_C1_conv.TextGrid,15,0.22350531107738902,76.45159191518775,76.67509722626514
Jia_Mandarin_Auckland_C1_conv.TextGrid,15,0.2768065647556739,76.67509722626514,76.95190379102081
Jia_Mandarin_Auckland_C1_conv.TextGrid,15,0.06772888214466377,77.88249576610025,77.95022464824491
Jia_Mandarin_Auckland_C1_conv.TextGrid,15,0.17948153768335828,77.95022464824491,78.12970618592827
Jia_Mandarin_Auckland_C1_conv.TextGrid,15,0.1286848760748711,78.12970618592827,78.25839106200314
Jia_Mandarin_Auckland_C1_conv.TextGrid,15,0.11175265553869451,78.25839106200314,78.37014371754184
Jia_Mandarin_Auckland_C1_conv.TextGrid,15,0.165935761254417,78.37014371754184,78.53607947879625
Jia_Mandarin_Auckland_C1_conv.TextGrid,15,0.09820687910976744,78.53607947879625,78.63428635790602
Jia_Mandarin_Auckland_C1_conv.TextGrid,15,0.0914339908952968,78.63428635790602,78.72572034880132
Jia_Mandarin_Auckland_C1_conv.TextGrid,15,0.2607561962569491,78.72572034880132,78.98647654505827
Jia_Mandarin_Auckland_C1_conv.TextGrid,15,0.22350531107738902,78.98647654505827,79.20998185613566
Jia_Mandarin_Auckland_C1_conv.TextGrid,15,0.08466110268084037,79.20998185613566,79.2946429588165
Jia_Mandarin_Auckland_C1_conv.TextGrid,15,0.0914339908952968,79.2946429588165,79.38607694971179
Jia_Mandarin_Auckland_C1_conv.TextGrid,15,0.18964087000505003,79.38607694971179,79.57571781971684
Jia_Mandarin_Auckland_C1_conv.TextGrid,15,0.16932220536166653,79.57571781971684,79.74504002507851
Jia_Mandarin_Auckland_C1_conv.TextGrid,15,0.1456170966110193,79.74504002507851,79.89065712168953
Jia_Mandarin_Auckland_C1_conv.TextGrid,15,0.2904323296079667,79.89065712168953,80.1810894512975
Jia_Mandarin_Auckland_C1_conv.TextGrid,16,0.16932220536165232,97.41960059970216,97.58892280506382
Jia_Mandarin_Auckland_C1_conv.TextGrid,16,0.13207132018209222,97.58892280506382,97.72099412524591
Jia_Mandarin_Auckland_C1_conv.TextGrid,16,0.1659357612544312,97.72099412524591,97.88692988650034
Jia_Mandarin_Auckland_C1_conv.TextGrid,16,0.13545776428932754,97.88692988650034,98.02238765078967
Jia_Mandarin_Auckland_C1_conv.TextGrid,16,0.20657309054122663,98.02238765078967,98.2289607413309
Jia_Mandarin_Auckland_C1_conv.TextGrid,16,0.1490035407182546,98.2289607413309,98.37796428204915
Jia_Mandarin_Auckland_C1_conv.TextGrid,16,0.22689175518462434,98.37796428204915,98.60485603723377
Jia_Mandarin_Auckland_C1_conv.TextGrid,16,0.09870804386855525,98.60485603723377,98.70356408110233
Jia_Mandarin_Auckland_C1_conv.TextGrid,16,0.13495659953053973,98.70356408110233,98.83852068063287
Jia_Mandarin_Auckland_C1_conv.TextGrid,16,0.08804754678806148,98.83852068063287,98.92656822742093
Jia_Mandarin_Auckland_C1_conv.TextGrid,16,0.14950470547704242,98.92656822742093,99.07607293289797
Jia_Mandarin_Auckland_C1_conv.TextGrid,16,0.2704143638198673,99.07607293289797,99.34648729671784
Jia_Mandarin_Auckland_C1_conv.TextGrid,16,0.28107486090036105,99.93773323041162,100.21880809131198
Jia_Mandarin_Auckland_C1_conv.TextGrid,16,0.23027819929185966,100.21880809131198,100.44908629060384
Jia_Mandarin_Auckland_C1_conv.TextGrid,16,0.3149393019726858,100.44908629060384,100.76402559257653
Jia_Mandarin_Auckland_C1_conv.TextGrid,16,0.20995953464844774,100.9028698009731,101.11282933562154
Jia_Mandarin_Auckland_C1_conv.TextGrid,16,0.26075619625696334,101.11282933562154,101.3735855318785
Jia_Mandarin_Auckland_C1_conv.TextGrid,16,0.12191198786040047,102.76104676257908,102.88295875043949
Jia_Mandarin_Auckland_C1_conv.TextGrid,16,0.13545776428932754,102.88295875043949,103.01841651472881
Jia_Mandarin_Auckland_C1_conv.TextGrid,16,0.17948153768335828,103.01841651472881,103.19789805241217
Jia_Mandarin_Auckland_C1_conv.TextGrid,16,0.2539833080424785,103.19789805241217,103.45188136045465
Jia_Mandarin_Auckland_C1_conv.TextGrid,16,0.18964087000506424,104.53456262150429,104.72420349150936
Jia_Mandarin_Auckland_C1_conv.TextGrid,16,0.19641375821952067,104.72420349150936,104.92061724972888
Jia_Mandarin_Auckland_C1_conv.TextGrid,16,0.15577642893272525,104.92061724972888,105.0763936786616
Jia_Mandarin_Auckland_C1_conv.TextGrid,16,0.24382397572078673,105.0763936786616,105.32021765438239
Jia_Mandarin_Auckland_C1_conv.TextGrid,16,0.44701062215477805,105.32021765438239,105.76722827653717
Jia_Mandarin_Auckland_C1_conv.TextGrid,16,0.5079666160849854,106.58845171066753,107.09641832675251
Jia_Mandarin_Auckland_C1_conv.TextGrid,16,0.17609509357612296,107.09641832675251,107.27251342032864
Jia_Mandarin_Auckland_C1_conv.TextGrid,16,0.16932220536166653,107.27251342032864,107.4418356256903
Jia_Mandarin_Auckland_C1_conv.TextGrid,16,0.15587666188450555,107.84790821970302,108.00378488158752
Jia_Mandarin_Auckland_C1_conv.TextGrid,17,0.13485636657875943,140.66106242113887,140.79591878771762
Jia_Mandarin_Auckland_C1_conv.TextGrid,17,0.14223065250379818,140.79591878771762,140.93814944022142
Jia_Mandarin_Auckland_C1_conv.TextGrid,17,0.12529843196762158,140.93814944022142,141.06344787218904
Jia_Mandarin_Auckland_C1_conv.TextGrid,17,0.19302731411229956,141.06344787218904,141.25647518630134
Jia_Mandarin_Auckland_C1_conv.TextGrid,17,0.12191198786038626,141.25647518630134,141.37838717416173
Jia_Mandarin_Auckland_C1_conv.TextGrid,17,0.2776884167931257,141.37838717416173,141.65607559095486
Jia_Mandarin_Auckland_C1_conv.TextGrid,17,0.07151625805897766,141.65607559095486,141.72759184901383
Jia_Mandarin_Auckland_C1_conv.TextGrid,17,0.10159332321697434,141.72759184901383,141.8291851722308
Jia_Mandarin_Auckland_C1_conv.TextGrid,17,0.11852554375317936,141.8291851722308,141.947710715984
Jia_Mandarin_Auckland_C1_conv.TextGrid,17,0.267128152664327,141.947710715984,142.21483886864831
Jia_Mandarin_Auckland_C1_conv.TextGrid,17,0.18326891359768638,142.21483886864831,142.398107782246
Jia_Mandarin_Auckland_C1_conv.TextGrid,17,0.18585349409073615,142.398107782246,142.58396127633674
Jia_Mandarin_Auckland_C1_conv.TextGrid,17,0.23366464339909498,142.58396127633674,142.81762591973583
Jia_Mandarin_Auckland_C1_conv.TextGrid,17,0.1998002023267702,142.81762591973583,143.0174261220626
Jia_Mandarin_Auckland_C1_conv.TextGrid,17,0.1834693795011333,143.0174261220626,143.20089550156374
Jia_Mandarin_Auckland_C1_conv.TextGrid,17,0.4063732928679826,143.20089550156374,143.60726879443172
Jia_Mandarin_Auckland_C1_conv.TextGrid,17,0.15238998482547572,143.9215279419947,144.07391792682017
Jia_Mandarin_Auckland_C1_conv.TextGrid,17,0.1828679817905936,144.07391792682017,144.25678590861077
Jia_Mandarin_Auckland_C1_conv.TextGrid,17,0.6163328275164304,144.25678590861077,144.8731187361272
Jia_Mandarin_Auckland_C1_conv.TextGrid,17,0.11513909964591562,145.57531546174565,145.69045456139156
Jia_Mandarin_Auckland_C1_conv.TextGrid,17,0.24721041982803627,145.69045456139156,145.9376649812196
Jia_Mandarin_Auckland_C1_conv.TextGrid,17,0.2607561962569491,145.9376649812196,146.19842117747655
Jia_Mandarin_Auckland_C1_conv.TextGrid,17,0.16932220536165232,146.19842117747655,146.3677433828382
Jia_Mandarin_Auckland_C1_conv.TextGrid,17,0.24382397572080095,146.3677433828382,146.611567358559
Jia_Mandarin_Auckland_C1_conv.TextGrid,17,0.26752908447141976,146.611567358559,146.87909644303042
Jia_Mandarin_Auckland_C1_conv.TextGrid,17,0.13207132018209222,147.38886725224705,147.52093857242915
Jia_Mandarin_Auckland_C1_conv.TextGrid,17,0.46394284269095465,147.52093857242915,147.9848814151201
Jia_Mandarin_Auckland_C1_conv.TextGrid,17,0.1828679817905936,148.69355033009765,148.87641831188824
Jia_Mandarin_Auckland_C1_conv.TextGrid,17,0.22689175518462434,148.87641831188824,149.10331006707287
Jia_Mandarin_Auckland_C1_conv.TextGrid,17,0.291234193222067,149.10331006707287,149.39454426029494
Jia_Mandarin_Auckland_C1_conv.TextGrid,18,0.14014723676947938,168.05107339306446,168.19122062983394
Jia_Mandarin_Auckland_C1_conv.TextGrid,18,0.2188158385972372,168.19122062983394,168.41003646843117
Jia_Mandarin_Auckland_C1_conv.TextGrid,18,0.2201188669701537,168.41003646843117,168.63015533540133
Jia_Mandarin_Auckland_C1_conv.TextGrid,18,0.1998002023267702,168.63015533540133,168.8299555377281
Jia_Mandarin_Auckland_C1_conv.TextGrid,18,0.12191198786038626,168.8299555377281,168.95186752558848
Jia_Mandarin_Auckland_C1_conv.TextGrid,18,0.1266014603405381,168.95186752558848,169.07846898592902
Jia_Mandarin_Auckland_C1_conv.TextGrid,18,0.06434243803744266,169.07846898592902,169.14281142396646
Jia_Mandarin_Auckland_C1_conv.TextGrid,18,0.1477005123453523,169.14281142396646,169.29051193631182
Jia_Mandarin_Auckland_C1_conv.TextGrid,18,0.13884420839656286,169.29051193631182,169.42935614470838
Jia_Mandarin_Auckland_C1_conv.TextGrid,18,0.18625442589782892,169.42935614470838,169.6156105706062
Jia_Mandarin_Auckland_C1_conv.TextGrid,18,0.3284850784015987,169.6156105706062,169.9440956490078
Jia_Mandarin_Auckland_C1_conv.TextGrid,18,0.3194283085493055,169.9440956490078,170.2635239575571
Jia_Mandarin_Auckland_C1_conv.TextGrid,18,0.3047799696510083,170.2635239575571,170.56830392720812
Jia_Mandarin_Auckland_C1_conv.TextGrid,18,0.2404375316135372,170.56830392720812,170.80874145882166
Jia_Mandarin_Auckland_C1_conv.TextGrid,18,0.13545776428932754,170.80874145882166,170.94419922311099
Jia_Mandarin_Auckland_C1_conv.TextGrid,18,0.0984073450132712,170.94419922311099,171.04260656812426
Jia_Mandarin_Auckland_C1_conv.TextGrid,18,0.07768774856285177,171.04260656812426,171.1202943166871
Jia_Mandarin_Auckland_C1_conv.TextGrid,18,0.2757052340105304,171.1202943166871,171.39599955069764
Jia_Mandarin_Auckland_C1_conv.TextGrid,18,0.2031866464339771,171.39599955069764,171.59918619713162
Jia_Mandarin_Auckland_C1_conv.TextGrid,18,0.15238998482550414,172.05098652471827,172.20337650954377
Jia_Mandarin_Auckland_C1_conv.TextGrid,18,0.15238998482550414,172.20337650954377,172.35576649436928
Jia_Mandarin_Auckland_C1_conv.TextGrid,18,0.19980020232674178,172.35576649436928,172.55556669669602
Jia_Mandarin_Auckland_C1_conv.TextGrid,18,0.17659625833496762,172.55556669669602,172.732162955031
Jia_Mandarin_Auckland_C1_conv.TextGrid,18,0.23316347864025033,172.732162955031,172.96532643367124
Jia_Mandarin_Auckland_C1_conv.TextGrid,18,0.21334597875568306,172.96532643367124,173.17867241242692
Jia_Mandarin_Auckland_C1_conv.TextGrid,18,0.19641375821953488,173.17867241242692,173.37508617064645
Jia_Mandarin_Auckland_C1_conv.TextGrid,18,0.23366464339909498,173.37508617064645,173.60875081404555
Jia_Mandarin_Auckland_C1_conv.TextGrid,18,0.17948153768335828,173.60875081404555,173.7882323517289
Jia_Mandarin_Auckland_C1_conv.TextGrid,18,0.2946206373292739,173.7882323517289,174.08285298905818
Jia_Mandarin_Auckland_C1_conv.TextGrid,18,0.22350531107738902,174.08285298905818,174.30635830013557
Jia_Mandarin_Auckland_C1_conv.TextGrid,19,0.20657309054124084,183.76884919516527,183.97542228570651
Jia_Mandarin_Auckland_C1_conv.TextGrid,19,0.31832574607992115,184.1989275967839,184.51725334286382
Jia_Mandarin_Auckland_C1_conv.TextGrid,19,0.14561709661100508,184.51725334286382,184.66287043947483
Jia_Mandarin_Auckland_C1_conv.TextGrid,19,0.08466110268085458,184.66287043947483,184.74753154215568
Jia_Mandarin_Auckland_C1_conv.TextGrid,19,0.1286848760748569,184.74753154215568,184.87621641823054
Jia_Mandarin_Auckland_C1_conv.TextGrid,19,0.12529843196762158,184.87621641823054,185.00151485019816
Jia_Mandarin_Auckland_C1_conv.TextGrid,19,0.1083662114314734,185.00151485019816,185.10988106162964
Jia_Mandarin_Auckland_C1_conv.TextGrid,19,0.18964087000503582,185.10988106162964,185.29952193163467
Jia_Mandarin_Auckland_C1_conv.TextGrid,19,0.23027819929185966,185.29952193163467,185.52980013092653
Jia_Mandarin_Auckland_C1_conv.TextGrid,19,0.32171219018715647,185.52980013092653,185.8515123211137
Jia_Mandarin_Auckland_C1_conv.TextGrid,19,0.07201742281779389,186.37861628267353,186.45063370549133
Jia_Mandarin_Auckland_C1_conv.TextGrid,19,0.1083662114314734,186.45063370549133,186.5589999169228
Jia_Mandarin_Auckland_C1_conv.TextGrid,19,0.08804754678806148,186.5589999169228,186.64704746371086
Jia_Mandarin_Auckland_C1_conv.TextGrid,19,0.1117526555386803,186.64704746371086,186.75880011924954
Jia_Mandarin_Auckland_C1_conv.TextGrid,19,0.15238998482550414,186.75880011924954,186.91119010407505
Jia_Mandarin_Auckland_C1_conv.TextGrid,19,0.14223065250379818,186.91119010407505,187.05342075657884
Jia_Mandarin_Auckland_C1_conv.TextGrid,19,0.15916287303994636,187.05342075657884,187.2125836296188
Jia_Mandarin_Auckland_C1_conv.TextGrid,19,0.38944107233183445,187.2125836296188,187.60202470195063
Jia_Mandarin_Auckland_C1_conv.TextGrid,19,0.13884420839653444,187.60202470195063,187.74086891034716
Jia_Mandarin_Auckland_C1_conv.TextGrid,19,0.23366464339909498,187.74086891034716,187.97453355374626
Jia_Mandarin_Auckland_C1_conv.TextGrid,19,0.17270864946888764,187.97453355374626,188.14724220321514
Jia_Mandarin_Auckland_C1_conv.TextGrid,19,0.20318664643400552,188.14724220321514,188.35042884964915
Jia_Mandarin_Auckland_C1_conv.TextGrid,19,0.18964087000506424,188.35042884964915,188.5400697196542
Jia_Mandarin_Auckland_C1_conv.TextGrid,19,0.14223065250379818,188.5400697196542,188.682300372158
Jia_Mandarin_Auckland_C1_conv.TextGrid,19,0.274301972685862,188.682300372158,188.95660234484387
Jia_Mandarin_Auckland_C1_conv.TextGrid,19,0.2573697521497422,188.95660234484387,189.21397209699361
Jia_Mandarin_Auckland_C1_conv.TextGrid,19,0.07788821446635552,189.79884607427996,189.87673428874632
Jia_Mandarin_Auckland_C1_conv.TextGrid,19,0.16932220536165232,189.87673428874632,190.04605649410797
Jia_Mandarin_Auckland_C1_conv.TextGrid,19,0.20995953464847616,190.04605649410797,190.25601602875645
Jia_Mandarin_Auckland_C1_conv.TextGrid,19,0.2776884167930973,190.25601602875645,190.53370444554955
Jia_Mandarin_Auckland_C1_conv.TextGrid,20,0.12191198786038626,196.88383126387583,197.00574325173622
Jia_Mandarin_Auckland_C1_conv.TextGrid,20,0.14900354071826882,197.00574325173622,197.1547467924545
Jia_Mandarin_Auckland_C1_conv.TextGrid,20,0.3657359635811872,197.1547467924545,197.52048275603568
Jia_Mandarin_Auckland_C1_conv.TextGrid,20,0.16214838534014575,199.26342038504401,199.42556877038416
Jia_Mandarin_Auckland_C1_conv.TextGrid,20,0.1286848760748569,199.42556877038416,199.55425364645902
Jia_Mandarin_Auckland_C1_conv.TextGrid,20,0.11175265553870872,199.55425364645902,199.66600630199773
Jia_Mandarin_Auckland_C1_conv.TextGrid,20,0.15238998482547572,199.66600630199773,199.8183962868232
Jia_Mandarin_Auckland_C1_conv.TextGrid,20,0.22689175518462434,199.8183962868232,200.04528804200783
Jia_Mandarin_Auckland_C1_conv.TextGrid,20,0.26752908447141976,200.04528804200783,200.31281712647925
Jia_Mandarin_Auckland_C1_conv.TextGrid,20,0.21991840106662153,200.31281712647925,200.53273552754587
Jia_Mandarin_Auckland_C1_conv.TextGrid,20,0.17968200358689046,200.53273552754587,200.71241753113276
Jia_Mandarin_Auckland_C1_conv.TextGrid,20,0.1625493171472101,200.71241753113276,200.87496684827997
Jia_Mandarin_Auckland_C1_conv.TextGrid,20,0.15577642893271104,200.87496684827997,201.03074327721268
Jia_Mandarin_Auckland_C1_conv.TextGrid,20,0.16932220536165232,201.03074327721268,201.20006548257433
Jia_Mandarin_Auckland_C1_conv.TextGrid,20,0.12868487607488532,201.20006548257433,201.32875035864922
Jia_Mandarin_Auckland_C1_conv.TextGrid,20,0.10836621143144498,201.32875035864922,201.43711657008066
Jia_Mandarin_Auckland_C1_conv.TextGrid,20,0.1083662114314734,201.43711657008066,201.54548278151213
Jia_Mandarin_Auckland_C1_conv.TextGrid,20,0.165935761254417,201.54548278151213,201.71141854276655
Jia_Mandarin_Auckland_C1_conv.TextGrid,20,0.24083846342060156,201.71141854276655,201.95225700618715
Jia_Mandarin_Auckland_C1_conv.TextGrid,20,0.17270864946888764,202.5297566975485,202.70246534701738
Jia_Mandarin_Auckland_C1_conv.TextGrid,20,0.13317388265144814,202.70246534701738,202.83563922966883
Jia_Mandarin_Auckland_C1_conv.TextGrid,20,0.185151863428473,202.83563922966883,203.0207910930973
Jia_Mandarin_Auckland_C1_conv.TextGrid,20,0.22689175518462434,203.0207910930973,203.24768284828193
Jia_Mandarin_Auckland_C1_conv.TextGrid,20,0.274301972685862,203.24768284828193,203.5219848209678
Jia_Mandarin_Auckland_C1_conv.TextGrid,20,0.12640099443700592,203.5219848209678,203.6483858154048
Jia_Mandarin_Auckland_C1_conv.TextGrid,20,0.13774164592720695,203.6483858154048,203.786127461332
Jia_Mandarin_Auckland_C1_conv.TextGrid,20,0.13545776428932754,203.786127461332,203.92158522562133
Jia_Mandarin_Auckland_C1_conv.TextGrid,20,0.15238998482547572,203.92158522562133,204.0739752104468
Jia_Mandarin_Auckland_C1_conv.TextGrid,20,0.20318664643400552,204.0739752104468,204.2771618568808
Jia_Mandarin_Auckland_C1_conv.TextGrid,20,0.165935761254417,204.2771618568808,204.44309761813523
Jia_Mandarin_Auckland_C1_sing.TextGrid,14,0.4837395053176472,16.029285746835548,16.513025252153195
Jia_Mandarin_Auckland_C1_sing.TextGrid,14,0.49832928577997393,16.513025252153195,17.01135453793317
Jia_Mandarin_Auckland_C1_sing.TextGrid,14,0.3860546282245849,17.01135453793317,17.397409166157754
Jia_Mandarin_Auckland_C1_sing.TextGrid,14,0.33187152250885177,17.397409166157754,17.729280688666606
Jia_Mandarin_Auckland_C1_sing.TextGrid,14,0.264142640364188,17.729280688666606,17.993423329030794
Jia_Mandarin_Auckland_C1_sing.TextGrid,14,0.41991906929691325,17.993423329030794,18.413342398327707
Jia_Mandarin_Auckland_C1_sing.TextGrid,14,0.2980070814365199,18.413342398327707,18.711349479764227
Jia_Mandarin_Auckland_C1_sing.TextGrid,14,0.5960141628730398,18.711349479764227,19.307363642637267
Jia_Mandarin_Auckland_C1_sing.TextGrid,14,0.37928174001011783,19.307363642637267,19.686645382647384
Jia_Mandarin_Auckland_C1_sing.TextGrid,14,0.2844613050075857,19.686645382647384,19.97110668765497
Jia_Mandarin_Auckland_C1_sing.TextGrid,14,0.5215123925139089,19.97110668765497,20.49261908016888
Jia_Mandarin_Auckland_C1_sing.TextGrid,15,0.38605462822458136,21.982930816029633,22.368985444254214
Jia_Mandarin_Auckland_C1_sing.TextGrid,15,0.42669195751138034,22.368985444254214,22.795677401765595
Jia_Mandarin_Auckland_C1_sing.TextGrid,15,0.41314618108244616,23.21559647106251,23.628742652144958
Jia_Mandarin_Auckland_C1_sing.TextGrid,15,0.29123419322205635,23.628742652144958,23.919976845367014
Jia_Mandarin_Auckland_C1_sing.TextGrid,15,0.3521901871522495,23.919976845367014,24.272167032519263
Jia_Mandarin_Auckland_C1_sing.TextGrid,15,0.5418310571573102,24.272167032519263,24.813998089676573
Jia_Mandarin_Auckland_C1_sing.TextGrid,15,0.2709155285786551,24.813998089676573,25.08491361825523
Jia_Mandarin_Auckland_C1_sing.TextGrid,15,0.27091552857865153,25.08491361825523,25.35582914683388
Jia_Mandarin_Auckland_C1_sing.TextGrid,15,0.4402377339403145,25.35582914683388,25.796066880774195
Jia_Mandarin_Auckland_C1_sing.TextGrid,16,0.4199190692969168,26.63878697879545,27.05870604809237
Jia_Mandarin_Auckland_C1_sing.TextGrid,16,0.6027870510875033,27.05870604809237,27.66149309917987
Jia_Mandarin_Auckland_C1_sing.TextGrid,16,0.4537835103692487,27.66149309917987,28.11527660954912
Jia_Mandarin_Auckland_C1_sing.TextGrid,16,0.42669195751138034,28.11527660954912,28.5419685670605
Jia_Mandarin_Auckland_C1_sing.TextGrid,16,0.2776884167931222,28.5419685670605,28.819656983853623
Jia_Mandarin_Auckland_C1_sing.TextGrid,16,0.4673292867981793,28.819656983853623,29.286986270651802
Jia_Mandarin_Auckland_C1_sing.TextGrid,16,0.41314618108244616,29.286986270651802,29.700132451734248
Jia_Mandarin_Auckland_C1_sing.TextGrid,16,0.2099595346484584,29.700132451734248,29.910091986382707
Jia_Mandarin_Auckland_C1_sing.TextGrid,16,0.37250885179565074,29.910091986382707,30.282600838178357
Jia_Mandarin_Auckland_C1_sing.TextGrid,17,0.41314618108244616,30.960157229634678,31.373303410717124
Jia_Mandarin_Auckland_C1_sing.TextGrid,17,0.42669195751138034,31.373303410717124,31.799995368228505
Jia_Mandarin_Auckland_C1_sing.TextGrid,17,0.2776884167931222,31.799995368228505,32.07768378502163
Jia_Mandarin_Auckland_C1_sing.TextGrid,17,0.2573697521497209,32.07768378502163,32.33505353717135
Jia_Mandarin_Auckland_C1_sing.TextGrid,17,0.20995953464845485,32.33505353717135,32.5450130718198
Jia_Mandarin_Auckland_C1_sing.TextGrid,17,0.2709155285786551,32.5450130718198,32.81592860039846
Jia_Mandarin_Auckland_C1_sing.TextGrid,17,0.30477996965098697,32.81592860039846,33.120708570049445
Jia_Mandarin_Auckland_C1_sing.TextGrid,17,0.4876479514415806,33.120708570049445,33.608356521491025
Jia_Mandarin_Auckland_C1_sing.TextGrid,17,0.37250885179565074,33.608356521491025,33.980865373286676
Jia_Mandarin_Auckland_C1_sing.TextGrid,17,0.2912341932220528,33.980865373286676,34.27209956650873
Jia_Mandarin_Auckland_C1_sing.TextGrid,17,0.4537835103692416,34.27209956650873,34.72588307687797
Jia_Mandarin_Auckland_C1_sing.TextGrid,18,0.28446130500758215,35.73167011472892,36.0161314197365
Jia_Mandarin_Auckland_C1_sing.TextGrid,18,0.2912341932220528,36.0161314197365,36.307365612958556
Jia_Mandarin_Auckland_C1_sing.TextGrid,18,0.2167324228629255,36.307365612958556,36.52409803582148
Jia_Mandarin_Auckland_C1_sing.TextGrid,18,0.2167324228629255,36.52409803582148,36.74083045868441
Jia_Mandarin_Auckland_C1_sing.TextGrid,18,0.23027819929185256,36.74083045868441,36.97110865797626
Jia_Mandarin_Auckland_C1_sing.TextGrid,19,0.4944208396560512,53.54024265465253,54.03466349430858
Jia_Mandarin_Auckland_C1_sing.TextGrid,19,0.4063732928679755,54.03466349430858,54.44103678717656
Jia_Mandarin_Auckland_C1_sing.TextGrid,19,0.3318715225088553,54.44103678717656,54.77290830968541
Jia_Mandarin_Auckland_C1_sing.TextGrid,19,0.2573697521497209,54.77290830968541,55.03027806183513
Jia_Mandarin_Auckland_C1_sing.TextGrid,19,0.3318715225088553,55.03027806183513,55.36214958434399
Jia_Mandarin_Auckland_C1_sing.TextGrid,20,0.5486039453717737,56.60498770970124,57.153591655073015
Jia_Mandarin_Auckland_C1_sing.TextGrid,20,0.4605563985837122,57.153591655073015,57.61414805365673
Jia_Mandarin_Auckland_C1_sing.TextGrid,20,0.6095599393019739,57.61414805365673,58.2237079929587
Jia_Mandarin_Auckland_C1_sing.TextGrid,20,0.3115528578654505,58.2237079929587,58.53526085082415
Jia_Mandarin_Auckland_C1_sing.TextGrid,20,0.5621497218007079,58.53526085082415,59.09741057262486
Jia_Mandarin_Auckland_C1_sing.TextGrid,20,0.575695498229642,59.09741057262486,59.6731060708545
Jia_Mandarin_Auckland_C1_sing.TextGrid,20,0.4605563985837122,59.6731060708545,60.133662469438214
Jia_Mandarin_Auckland_C1_sing.TextGrid,14,0.35219018715225303,60.98888433985499,61.341074527007244
Jia_Mandarin_Auckland_C1_sing.TextGrid,14,0.3454172989377895,61.341074527007244,61.68649182594503
Jia_Mandarin_Auckland_C1_sing.TextGrid,14,0.26414264036418444,61.68649182594503,61.95063446630922
Jia_Mandarin_Auckland_C1_sing.TextGrid,14,0.23027819929185966,61.95063446630922,62.18091266560108
Jia_Mandarin_Auckland_C1_sing.TextGrid,14,0.18964087000505714,62.18091266560108,62.370553535606135
Jia_Mandarin_Auckland_C1_sing.TextGrid,14,0.4199190692969168,62.370553535606135,62.79047260490305
Jia_Mandarin_Auckland_C1_sing.TextGrid,14,0.26414264036418444,62.79047260490305,63.054615245267236
Jia_Mandarin_Auckland_C1_sing.TextGrid,14,0.433464845725851,63.054615245267236,63.48808009099309
Jia_Mandarin_Auckland_C1_sing.TextGrid,14,0.26414264036418444,63.48808009099309,63.75222273135727
Jia_Mandarin_Auckland_C1_sing.TextGrid,14,0.23027819929185966,63.75222273135727,63.98250093064913
Jia_Mandarin_Auckland_C1_sing.TextGrid,14,0.3657359635811801,63.98250093064913,64.34823689423031
Jia_Mandarin_Auckland_C1_sing.TextGrid,15,0.37641729791958767,65.14197638936598,65.51839368728557
Jia_Mandarin_Auckland_C1_sing.TextGrid,15,0.2399155295968569,65.51839368728557,65.75830921688242
Jia_Mandarin_Auckland_C1_sing.TextGrid,15,0.3115528578654505,65.75830921688242,66.06986207474787
Jia_Mandarin_Auckland_C1_sing.TextGrid,15,0.3115528578654505,66.06986207474787,66.38141493261332
Jia_Mandarin_Auckland_C1_sing.TextGrid,15,0.257369752149728,66.38141493261332,66.63878468476305
Jia_Mandarin_Auckland_C1_sing.TextGrid,15,0.3860546282245849,66.63878468476305,67.02483931298764
Jia_Mandarin_Auckland_C1_sing.TextGrid,15,0.21673242286291838,67.02483931298764,67.24157173585056
Jia_Mandarin_Auckland_C1_sing.TextGrid,15,0.5147395042994418,67.24157173585056,67.75631124015
Jia_Mandarin_Auckland_C1_sing.TextGrid,15,0.26414264036419866,67.75631124015,68.0204538805142
Jia_Mandarin_Auckland_C1_sing.TextGrid,15,0.2573697521497138,68.0204538805142,68.27782363266391
Jia_Mandarin_Auckland_C1_sing.TextGrid,15,0.4402377339403216,68.27782363266391,68.71806136660423
Jia_Mandarin_Auckland_C1_sing.TextGrid,16,0.39282751643905556,69.61001212018388,70.00283963662294
Jia_Mandarin_Auckland_C1_sing.TextGrid,16,0.4944208396560441,70.00283963662294,70.49726047627898
Jia_Mandarin_Auckland_C1_sing.TextGrid,16,0.5011937278705147,70.49726047627898,70.9984542041495
Jia_Mandarin_Auckland_C1_sing.TextGrid,16,0.365735963581173,74.63759194205319,75.00332790563436
Jia_Mandarin_Auckland_C1_sing.TextGrid,16,0.39282751643905556,75.00332790563436,75.39615542207342
Jia_Mandarin_Auckland_C1_sing.TextGrid,16,0.23027819929185966,75.39615542207342,75.62643362136528
Jia_Mandarin_Auckland_C1_sing.TextGrid,16,0.433464845725851,75.62643362136528,76.05989846709113
Jia_Mandarin_Auckland_C1_sing.TextGrid,17,0.398823970629806,76.59495663603397,76.99378060666378
Jia_Mandarin_Auckland_C1_sing.TextGrid,17,0.5418310571573102,76.99378060666378,77.53561166382109
Jia_Mandarin_Auckland_C1_sing.TextGrid,17,0.3792817400101143,77.53561166382109,77.9148934038312
Jia_Mandarin_Auckland_C1_sing.TextGrid,17,0.5824683864441056,77.9148934038312,78.4973617902753
Jia_Mandarin_Auckland_C1_sing.TextGrid,17,0.5824683864441056,78.4973617902753,79.07983017671941
Jia_Mandarin_Auckland_C1_sing.TextGrid,17,0.37250885179565785,79.07983017671941,79.45233902851507
Jia_Mandarin_Auckland_C1_sing.TextGrid,17,0.20995953464844774,79.45233902851507,79.66229856316352
Jia_Mandarin_Auckland_C1_sing.TextGrid,17,0.5824683864441198,79.66229856316352,80.24476694960764
Jia_Mandarin_Auckland_C1_sing.TextGrid,18,0.2776884167931115,84.5958519013909,84.87354031818401
Jia_Mandarin_Auckland_C1_sing.TextGrid,18,0.35219018715226014,84.87354031818401,85.22573050533627
Jia_Mandarin_Auckland_C1_sing.TextGrid,18,0.30555640367471426,86.54644370715721,86.85200011083192
Jia_Mandarin_Auckland_C1_sing.TextGrid,18,0.28446130500758215,86.85200011083192,87.1364614158395
Jia_Mandarin_Auckland_C1_sing.TextGrid,18,0.2498204299115372,87.1364614158395,87.38628184575104
Jia_Mandarin_Auckland_C1_sing.TextGrid,18,0.2031866464339913,87.38628184575104,87.58946849218503
Jia_Mandarin_Auckland_C1_sing.TextGrid,18,0.7992008093070382,87.58946849218503,88.38866930149207
Jia_Mandarin_Auckland_C1_sing.TextGrid,19,0.3115528578654505,90.32025401665808,90.63180687452353
Jia_Mandarin_Auckland_C1_sing.TextGrid,19,0.2505968639352574,90.63180687452353,90.88240373845879
Jia_Mandarin_Auckland_C1_sing.TextGrid,19,0.21673242286291838,90.88240373845879,91.09913616132171
Jia_Mandarin_Auckland_C1_sing.TextGrid,19,0.2082663125948443,91.09913616132171,91.30740247391655
Jia_Mandarin_Auckland_C1_sing.TextGrid,19,0.15069676277187227,91.30740247391655,91.45809923668843
Jia_Mandarin_Auckland_C1_sing.TextGrid,19,0.16424253920081355,91.45809923668843,91.62234177588924
Jia_Mandarin_Auckland_C1_sing.TextGrid,19,0.14053743045018052,91.62234177588924,91.76287920633942
Jia_Mandarin_Auckland_C1_sing.TextGrid,19,0.26414264036418444,91.76287920633942,92.0270218467036
Jia_Mandarin_Auckland_C1_sing.TextGrid,20,0.3617345222597663,93.45875592699069,93.82049044925046
Jia_Mandarin_Auckland_C1_sing.TextGrid,20,0.3318715225088624,93.82049044925046,94.15236197175932
Jia_Mandarin_Auckland_C1_sing.TextGrid,20,0.1828679817905936,94.15236197175932,94.33522995354991
Jia_Mandarin_Auckland_C1_sing.TextGrid,20,0.646810824481534,94.33522995354991,94.98204077803145
Jia_Mandarin_Auckland_C1_sing.TextGrid,20,0.3149393019726858,95.21909186553778,95.53403116751046
Jia_Mandarin_Auckland_C1_sing.TextGrid,20,0.24043753161355141,95.53403116751046,95.77446869912401
Jia_Mandarin_Auckland_C1_sing.TextGrid,20,0.32171219018715647,95.77446869912401,96.09618088931117
Jia_Mandarin_Auckland_C1_sing.TextGrid,20,0.26414264036419866,96.09618088931117,96.36032352967537
Jia_Mandarin_Auckland_C1_sing.TextGrid,20,0.48398436264501754,96.36032352967537,96.84430789232039
Jia_Mandarin_Auckland_C1_sing.TextGrid,14,0.3435881022121947,110.86534972390426,111.20893782611645
Jia_Mandarin_Auckland_C1_sing.TextGrid,14,0.3269278310200008,111.20893782611645,111.53586565713645
Jia_Mandarin_Auckland_C1_sing.TextGrid,14,0.2505968639352574,111.53586565713645,111.78646252107171
Jia_Mandarin_Auckland_C1_sing.TextGrid,14,0.3318715225088482,111.78646252107171,112.11833404358056
Jia_Mandarin_Auckland_C1_sing.TextGrid,14,0.2776884167931257,112.11833404358056,112.39602246037369
Jia_Mandarin_Auckland_C1_sing.TextGrid,14,0.24876766720963417,112.39602246037369,112.64479012758332
Jia_Mandarin_Auckland_C1_sing.TextGrid,14,0.24565317244640994,112.64479012758332,112.89044330002973
Jia_Mandarin_Auckland_C1_sing.TextGrid,14,0.3318715225088624,112.89044330002973,113.22231482253859
Jia_Mandarin_Auckland_C1_sing.TextGrid,15,0.41496661913957666,115.72230452503726,116.13727114417684
Jia_Mandarin_Auckland_C1_sing.TextGrid,15,0.2709155285786551,116.13727114417684,116.40818667275549
Jia_Mandarin_Auckland_C1_sing.TextGrid,15,0.20995953464846195,116.40818667275549,116.61814620740395
Jia_Mandarin_Auckland_C1_sing.TextGrid,15,0.2912341932220528,116.61814620740395,116.909380400626
Jia_Mandarin_Auckland_C1_sing.TextGrid,15,0.20813909659131014,116.909380400626,117.11751949721732
Jia_Mandarin_Auckland_C1_sing.TextGrid,15,0.2709155285786551,117.11751949721732,117.38843502579597
Jia_Mandarin_Auckland_C1_sing.TextGrid,15,0.32014618413707296,117.38843502579597,117.70858120993304
Jia_Mandarin_Auckland_C1_sing.TextGrid,15,0.2961866433793716,117.70858120993304,118.00476785331242
Jia_Mandarin_Auckland_C1_sing.TextGrid,15,0.21673242286291838,118.00476785331242,118.22150027617533
Jia_Mandarin_Auckland_C1_sing.TextGrid,15,0.5282852807283831,118.22150027617533,118.74978555690372
Jia_Mandarin_Auckland_C1_sing.TextGrid,16,0.37250885179565785,119.23613945163912,119.60864830343478
Jia_Mandarin_Auckland_C1_sing.TextGrid,16,0.3792817400101143,119.60864830343478,119.98793004344489
Jia_Mandarin_Auckland_C1_sing.TextGrid,16,0.4837395053176152,119.98793004344489,120.4716695487625
Jia_Mandarin_Auckland_C1_sing.TextGrid,16,0.2980070814365092,120.4716695487625,120.76967663019902
Jia_Mandarin_Auckland_C1_sing.TextGrid,16,0.257369752149728,120.76967663019902,121.02704638234874
Jia_Mandarin_Auckland_C1_sing.TextGrid,16,0.4102817389919551,121.02704638234874,121.4373281213407
Jia_Mandarin_Auckland_C1_sing.TextGrid,16,0.3589630753667308,121.4373281213407,121.79629119670743
Jia_Mandarin_Auckland_C1_sing.TextGrid,16,0.3792817400101143,122.03334228421375,122.41262402422386
Jia_Mandarin_Auckland_C1_sing.TextGrid,17,0.35245775716192895,122.77497792303203,123.12743568019395
Jia_Mandarin_Auckland_C1_sing.TextGrid,17,0.41314618108245327,123.12743568019395,123.54058186127641
Jia_Mandarin_Auckland_C1_sing.TextGrid,17,0.2031866464339913,123.54058186127641,123.7437685077104
Jia_Mandarin_Auckland_C1_sing.TextGrid,17,0.2709155285786551,123.7437685077104,124.01468403628905
Jia_Mandarin_Auckland_C1_sing.TextGrid,17,0.17609509357612296,124.01468403628905,124.19077912986518
Jia_Mandarin_Auckland_C1_sing.TextGrid,17,0.257369752149728,124.19077912986518,124.4481488820149
Jia_Mandarin_Auckland_C1_sing.TextGrid,17,0.257369752149728,124.4481488820149,124.70551863416463
Jia_Mandarin_Auckland_C1_sing.TextGrid,17,0.3792817400101143,124.70551863416463,125.08480037417475
Jia_Mandarin_Auckland_C1_sing.TextGrid,17,0.20995953464846195,125.08480037417475,125.29475990882321
Jia_Mandarin_Auckland_C1_sing.TextGrid,17,0.3318715225088482,125.29475990882321,125.62663143133206
Jia_Mandarin_Auckland_C1_sing.TextGrid,17,0.5824683864441056,125.62663143133206,126.20909981777616
Jia_Mandarin_Auckland_C1_sing.TextGrid,18,0.2456531724463673,132.9364245288037,133.18207770125008
Jia_Mandarin_Auckland_C1_sing.TextGrid,18,0.2709155285786551,133.18207770125008,133.45299322982873
Jia_Mandarin_Auckland_C1_sing.TextGrid,18,0.23027819929185966,133.45299322982873,133.6832714291206
Jia_Mandarin_Auckland_C1_sing.TextGrid,18,0.14223065250379818,133.6832714291206,133.8255020816244
Jia_Mandarin_Auckland_C1_sing.TextGrid,18,0.31832574607992115,133.8255020816244,134.1438278277043
Jia_Mandarin_Auckland_C1_sing.TextGrid,18,0.3047799696510083,134.3876518034251,134.6924317730761
Jia_Mandarin_Auckland_C1_sing.TextGrid,18,0.2980070814365092,134.6924317730761,134.9904388545126
Jia_Mandarin_Auckland_C1_sing.TextGrid,18,0.35896307536671657,134.9904388545126,135.34940192987932
Jia_Mandarin_Auckland_C1_sing.TextGrid,19,0.29800708143653765,138.97420869866193,139.27221578009846
Jia_Mandarin_Auckland_C1_sing.TextGrid,19,0.5215123925138982,139.27221578009846,139.79372817261236
Jia_Mandarin_Auckland_C1_sing.TextGrid,19,0.3859151589716987,139.79372817261236,140.17964333158406
Jia_Mandarin_Auckland_C1_sing.TextGrid,19,0.38605462822459913,140.17964333158406,140.56569795980866
Jia_Mandarin_Auckland_C1_sing.TextGrid,19,0.15577642893271104,140.56569795980866,140.72147438874137
Jia_Mandarin_Auckland_C1_sing.TextGrid,20,0.399600404653512,141.9483005761733,142.3479009808268
Jia_Mandarin_Auckland_C1_sing.TextGrid,20,0.291234193222067,142.3479009808268,142.63913517404887
Jia_Mandarin_Auckland_C1_sing.TextGrid,20,0.19641375821953488,142.63913517404887,142.8355489322684
Jia_Mandarin_Auckland_C1_sing.TextGrid,20,0.6449860070901252,142.8355489322684,143.48053493935853
Jia_Mandarin_Auckland_C1_sing.TextGrid,20,0.3641743368653465,143.48053493935853,143.84470927622388
Jia_Mandarin_Auckland_C1_sing.TextGrid,20,0.37250885179565785,143.84470927622388,144.21721812801954
Jia_Mandarin_Auckland_C1_sing.TextGrid,20,0.44857224887061875,144.21721812801954,144.66579037689016
Jia_Mandarin_Auckland_C1_sing.TextGrid,20,0.5402694304414979,144.66579037689016,145.20605980733166
Jia_Mandarin_Auckland_C1_sing.TextGrid,16,0.44701062215480647,193.02695799762452,193.47396861977933
Jia_Mandarin_Auckland_C1_sing.TextGrid,16,0.5621497218006937,193.47396861977933,194.03611834158002
Jia_Mandarin_Auckland_C1_sing.TextGrid,16,0.399600404653512,194.03611834158002,194.43571874623353
Jia_Mandarin_Auckland_C1_sing.TextGrid,16,0.46576766008232084,194.43571874623353,194.90148640631585
Jia_Mandarin_Auckland_C1_sing.TextGrid,16,0.25059686393524316,194.90148640631585,195.1520832702511
Jia_Mandarin_Auckland_C1_sing.TextGrid,16,0.3454172989378037,195.1520832702511,195.4975005691889
Jia_Mandarin_Auckland_C1_sing.TextGrid,18,0.41314618108242485,201.61344490285737,202.0265910839398
Jia_Mandarin_Auckland_C1_sing.TextGrid,18,0.31832574607992115,202.0265910839398,202.3449168300197
Jia_Mandarin_Auckland_C1_sing.TextGrid,18,0.2573697521497422,202.3449168300197,202.60228658216946
Jia_Mandarin_Auckland_C1_sing.TextGrid,18,0.6434243803743129,202.60228658216946,203.24571096254377
Jia_Mandarin_Auckland_C1_sing.TextGrid,18,0.4199190692969239,203.24571096254377,203.6656300318407
Jia_Mandarin_Auckland_C1_sing.TextGrid,18,0.33864441072330465,203.6656300318407,204.004274442564
Jia_Mandarin_Auckland_C1_sing.TextGrid,18,0.3454172989377753,204.004274442564,204.34969174150177
Jia_Mandarin_Auckland_C1_sing.TextGrid,18,0.189373299995367,204.34969174150177,204.53906504149714
Jia_Mandarin_Auckland_C1_sing.TextGrid,18,0.31832574607992115,204.53906504149714,204.85739078757706
Jia_Mandarin_Auckland_C1_sing.TextGrid,18,0.2370510875063303,204.85739078757706,205.0944418750834
Jia_Mandarin_Auckland_C1_sing.TextGrid,18,0.2370510875063303,205.0944418750834,205.33149296258972
Jia_Mandarin_Auckland_C1_sing.TextGrid,19,0.5282852807283689,205.9642535259625,206.49253880669087
Jia_Mandarin_Auckland_C1_sing.TextGrid,19,0.291234193222067,206.49253880669087,206.78377299991294
Jia_Mandarin_Auckland_C1_sing.TextGrid,19,0.2370510875063303,206.78377299991294,207.02082408741927
Jia_Mandarin_Auckland_C1_sing.TextGrid,19,0.39282751643904135,207.02082408741927,207.4136516038583
Jia_Mandarin_Auckland_C1_sing.TextGrid,19,0.31832574607992115,207.4136516038583,207.73197734993823
Jia_Mandarin_Auckland_C1_sing.TextGrid,19,0.3115528578654505,207.73197734993823,208.04353020780368
Jia_Mandarin_Auckland_C1_sing.TextGrid,20,0.20631865853417253,209.11573455375623,209.3220532122904
Jia_Mandarin_Auckland_C1_sing.TextGrid,20,0.26414264036418444,209.3220532122904,209.58619585265458
Jia_Mandarin_Auckland_C1_sing.TextGrid,20,0.2370510875063303,209.58619585265458,209.8232469401609
Jia_Mandarin_Auckland_C1_sing.TextGrid,20,0.2776884167931257,209.8232469401609,210.10093535695404
Jia_Mandarin_Auckland_C1_sing.TextGrid,20,0.6366514921598423,210.10093535695404,210.73758684911388
Jia_Mandarin_Auckland_C1_sing.TextGrid,20,0.2776884167931257,210.73758684911388,211.015275265907
Jia_Mandarin_Auckland_C1_sing.TextGrid,19,0.4537835103692487,234.4583906949211,234.91217420529034
Jia_Mandarin_Auckland_C1_sing.TextGrid,19,0.3318715225088624,234.91217420529034,235.2440457277992
Jia_Mandarin_Auckland_C1_sing.TextGrid,19,0.21673242286291838,235.2440457277992,235.46077815066212
Jia_Mandarin_Auckland_C1_sing.TextGrid,19,0.4199190692969239,235.46077815066212,235.88069721995905
Jia_Mandarin_Auckland_C1_sing.TextGrid,19,0.30477996965097987,235.88069721995905,236.18547718961003
Jia_Mandarin_Auckland_C1_sing.TextGrid,19,0.44701062215477805,236.18547718961003,236.6324878117648
Savage_Mandarin_Auckland_C1_conv.TextGrid,19,0.20657309054124084,183.76884919516527,183.97542228570651
Savage_Mandarin_Auckland_C1_conv.TextGrid,19,0.31303160022423526,184.1989275967839,184.51195919700814
Savage_Mandarin_Auckland_C1_conv.TextGrid,19,0.11656454588396059,184.51195919700814,184.6285237428921
Savage_Mandarin_Auckland_C1_conv.TextGrid,19,0.10497976732420966,184.6285237428921,184.7335035102163
Savage_Mandarin_Auckland_C1_conv.TextGrid,19,0.17270864946891606,184.7335035102163,184.90621215968523
Savage_Mandarin_Auckland_C1_conv.TextGrid,19,0.11513909964591562,184.90621215968523,185.02135125933114
Savage_Mandarin_Auckland_C1_conv.TextGrid,19,0.1083662114314734,185.02135125933114,185.1297174707626
Savage_Mandarin_Auckland_C1_conv.TextGrid,19,0.14223065250376976,185.1297174707626,185.27194812326638
Savage_Mandarin_Auckland_C1_conv.TextGrid,19,0.24721041982803627,185.27194812326638,185.51915854309442
Savage_Mandarin_Auckland_C1_conv.TextGrid,19,0.332353778019268,185.51915854309442,185.8515123211137
Savage_Mandarin_Auckland_C1_conv.TextGrid,19,0.09467960839410239,186.37861628267353,186.47329589106764
Savage_Mandarin_Auckland_C1_conv.TextGrid,19,0.09482043500253212,186.47329589106764,186.56811632607017
Savage_Mandarin_Auckland_C1_conv.TextGrid,19,0.0711153262519133,186.56811632607017,186.63923165232208
Savage_Mandarin_Auckland_C1_conv.TextGrid,19,0.12529843196762158,186.63923165232208,186.7645300842897
Savage_Mandarin_Auckland_C1_conv.TextGrid,19,0.15916287303994636,186.7645300842897,186.92369295732965
Savage_Mandarin_Auckland_C1_conv.TextGrid,19,0.13545776428932754,186.92369295732965,187.05915072161898
Savage_Mandarin_Auckland_C1_conv.TextGrid,19,0.15238998482550414,187.05915072161898,187.21154070644448
Savage_Mandarin_Auckland_C1_conv.TextGrid,19,0.3826681841173638,187.21154070644448,187.59420889056184
Savage_Mandarin_Auckland_C1_conv.TextGrid,19,0.14561709661100508,187.59420889056184,187.73982598717285
Savage_Mandarin_Auckland_C1_conv.TextGrid,19,0.3028420930813809,187.73982598717285,188.04266808025423
Savage_Mandarin_Auckland_C1_conv.TextGrid,19,0.1456170966110335,188.04266808025423,188.18828517686526
Savage_Mandarin_Auckland_C1_conv.TextGrid,19,0.16932220536165232,188.18828517686526,188.35760738222692
Savage_Mandarin_Auckland_C1_conv.TextGrid,19,0.15916287303997478,188.35760738222692,188.5167702552669
Savage_Mandarin_Auckland_C1_conv.TextGrid,19,0.1828679817905936,188.5167702552669,188.69963823705748
Savage_Mandarin_Auckland_C1_conv.TextGrid,19,0.2539833080424785,188.69963823705748,188.95362154509996
Savage_Mandarin_Auckland_C1_conv.TextGrid,19,0.2603505518936515,188.95362154509996,189.21397209699361
Savage_Mandarin_Auckland_C1_conv.TextGrid,19,0.13525696658260244,189.79884607427996,189.93410304086257
Savage_Mandarin_Auckland_C1_conv.TextGrid,19,0.11513909964591562,189.93410304086257,190.04924214050848
Savage_Mandarin_Auckland_C1_conv.TextGrid,19,0.1998002023267702,190.04924214050848,190.24904234283525
Savage_Mandarin_Auckland_C1_conv.TextGrid,19,0.28466210271429304,190.24904234283525,190.53370444554955
Savage_Mandarin_Auckland_C1_sing.TextGrid,19,0.48386479897063595,53.54024265465253,54.02410745362317
Savage_Mandarin_Auckland_C1_sing.TextGrid,19,0.39621396054627667,54.02410745362317,54.42032141416944
Savage_Mandarin_Auckland_C1_sing.TextGrid,19,0.35557663125948835,54.42032141416944,54.77589804542893
Savage_Mandarin_Auckland_C1_sing.TextGrid,19,0.26075619625695623,54.77589804542893,55.03665424168589
Savage_Mandarin_Auckland_C1_sing.TextGrid,19,0.18028884688184377,55.03665424168589,55.21694308856773
Savage_Mandarin_Auckland_C1_sing.TextGrid,19,0.271432467334364,90.32025401665808,90.59168648399245
Savage_Mandarin_Auckland_C1_sing.TextGrid,19,0.4774886191198817,90.59168648399245,91.06917510311233
Savage_Mandarin_Auckland_C1_sing.TextGrid,19,0.35557663125948125,91.06917510311233,91.42475173437181
Savage_Mandarin_Auckland_C1_sing.TextGrid,19,0.28446130500758215,91.42475173437181,91.70921303937939
Savage_Mandarin_Auckland_C1_sing.TextGrid,19,0.31780880732421224,91.70921303937939,92.0270218467036
Savage_Mandarin_Auckland_C1_sing.TextGrid,19,0.2866021870187865,138.97420869866193,139.2608108856807
Savage_Mandarin_Auckland_C1_sing.TextGrid,19,0.4741021750126606,139.2608108856807,139.73491306069337
Savage_Mandarin_Auckland_C1_sing.TextGrid,19,0.3691224076884225,139.73491306069337,140.1040354683818
Savage_Mandarin_Auckland_C1_sing.TextGrid,19,0.39282751643904135,140.1040354683818,140.49686298482084
Savage_Mandarin_Auckland_C1_sing.TextGrid,19,0.2246114039205338,140.49686298482084,140.72147438874137
Savage_Mandarin_Auckland_C1_sing.TextGrid,19,0.5388322589914765,205.9642535259625,206.50308578495398
Savage_Mandarin_Auckland_C1_sing.TextGrid,19,0.5011937278705147,206.50308578495398,207.0042795128245
Savage_Mandarin_Auckland_C1_sing.TextGrid,19,0.4029868487607473,207.0042795128245,207.40726636158524
Savage_Mandarin_Auckland_C1_sing.TextGrid,19,0.2946206373293023,207.40726636158524,207.70188699891455
Savage_Mandarin_Auckland_C1_sing.TextGrid,19,0.34164320888913835,207.70188699891455,208.04353020780368
Savage_Mandarin_Auckland_C1_sing.TextGrid,19,0.4428701264561994,234.4583906949211,234.9012608213773
Savage_Mandarin_Auckland_C1_sing.TextGrid,19,0.5519903894789877,234.9012608213773,235.45325121085628
Savage_Mandarin_Auckland_C1_sing.TextGrid,19,0.3962139605463051,235.45325121085628,235.84946517140258
Savage_Mandarin_Auckland_C1_sing.TextGrid,19,0.3657359635811588,235.84946517140258,236.21520113498374
Savage_Mandarin_Auckland_C1_sing.TextGrid,19,0.41728667678106035,236.21520113498374,236.6324878117648
